4.300000000000000000e+02 5.785000000000000142e+01 1.411749639214768592e+02 1.316306638858302165e+02
4.710000000000000000e+02 5.021999999999999886e+01 1.329535740512827431e+02 1.239650907798239388e+02
5.100000000000000000e+02 4.474000000000000199e+01 1.356394144084652282e+02 1.277403898460288048e+02
1.014000000000000000e+03 4.217999999999999972e+01 1.316306638858302165e+02 1.239650907798239388e+02
1.252000000000000000e+03 2.096999999999999886e+02 2.248600000000000136e+02 1.915000000000000000e+02
4.330000000000000000e+02 5.882000000000000028e+01 1.283600000000000136e+02 1.210600000000000023e+02
4.800000000000000000e+02 5.096000000000000085e+01 1.338799999999999955e+02 1.247199999999999989e+02
5.180000000000000000e+02 4.707999999999999829e+01 1.343100000000000023e+02 1.258400000000000034e+02
1.046000000000000000e+03 3.960999999999999943e+01 1.269099999999999966e+02 1.197000000000000028e+02
1.297000000000000000e+03 5.250999999999999801e+01 1.163299999999999983e+02 1.102099999999999937e+02
